online_filters= 
number: 5
order: 2
g: 2.300000
sos: 1.123000 2.324000 3.534000 4.231000
online_filters= 
number: 1
order: 1
g: 1.000000
sos: 1.000000 2.400000 4.000000 2.000000
