online_filters= 
number: 0
order: 1
g: 1.020334e-02
sos: -1.988455e+00 9.884883e-01 -1.886532e+00 8.897367e-01
