online_filters= 
number: 1
order: 3
g: 3.220000e+00
sos: 3
sos: 2.200000e-01
sos: 9
sos: 2
sos: 212
