online_filters= 
number: 5
order: 2
g: 2.300000
sos: 1.123000 2.324000 3.534000 4.231000

