online_filters= 
number: 1
order: 1
g: 1212.100000
sos: 2.000000 43.000000 12.000000 1.000000
